[[[1.0014870343723077, 0.09930014092234504, 0.0025328054637828337, 0.11072380408303438, -0.4780923721059004, -0.3034874497754402, -0.40507040473395833, -0.15087139513292622, -0.21414159400142743, -0.26645638656050114, -0.33105657642817604, 0.13931659068519178, -0.07463622519786882, 0.11623298323220448], [0.09930014092234504, 1.093489122245015, -0.05158456236908298, -0.12054290563419141, 0.26369317104489765, -0.578878135220306, -0.027447174806670242, 0.04169183591291093, -0.14804027926891136, 0.11819524492435246, -0.23045669529665025, -0.07845083784975283, 0.3855706643839274, 0.10138059068080052], [0.0025328054637828337, -0.05158456236908298, 1.3176873460311733, 0.10446663910819794, -0.4103217237053652, 0.05441248175183391, -0.48514362252512705, -0.5237622584009136, -0.0752902533519182, -0.31237617623952474, 0.7047987431347494, 0.2882392205604909, -0.4724985811616829, 0.10729873885476439], [0.11072380408303438, -0.12054290563419141, 0.10446663910819794, 0.7011843743817404, -0.3167733055157145, 0.09954741801403202, -0.25882389293104435, -0.4261028966356732, -0.12291679136295049, 0.20341824325505659, -0.014598733786953321, -0.22895471789246247, -0.2797136773087834, 0.214314608931614], [-0.4780923721059004, 0.26369317104489765, -0.4103217237053652, -0.3167733055157145, 2.1429232298979137, -0.2063898085608071, 0.8316920321171825, 0.5313633285766598, 0.40895542379179295, 0.3121662196597833, -0.968772342946762, -0.4313542819091538, 1.2225246740088174, -0.8368690110649328], [-0.3034874497754402, -0.578878135220306, 0.05441248175183391, 0.09954741801403202, -0.2063898085608071, 1.0167042220731732, 0.13823587892746775, 0.00405208315210469, 0.06820357176706124, -0.01827272959515084, 0.3227945969271007, 0.18529271312068774, -0.6944863174503442, 0.3332264830949496], [-0.40507040473395833, -0.027447174806670242, -0.48514362252512705, -0.25882389293104435, 0.8316920321171825, 0.13823587892746775, 1.5475554655974848, 0.4434044884149674, 0.6990491914319809, 0.1401624525725846, -0.18087070224417393, -0.5581597479398435, 0.9462405842228958, -0.23177835623875495], [-0.15087139513292622, 0.04169183591291093, -0.5237622584009136, -0.4261028966356732, 0.5313633285766598, 0.00405208315210469, 0.4434044884149674, 1.8132594993864681, 0.22468692482775088, 0.17571528178572035, -0.38902782913866635, 0.25489982530036714, 0.8685471943173955, -0.023558398510679507], [-0.21414159400142743, -0.14804027926891136, -0.0752902533519182, -0.12291679136295049, 0.40895542379179295, 0.06820357176706124, 0.6990491914319809, 0.22468692482775088, 1.6949661551696544, 0.020762030320356863, 0.07035916253896471, -0.3216555109353031, 1.1888275264665413, -0.15735176273326984], [-0.26645638656050114, 0.11819524492435246, -0.31237617623952474, 0.20341824325505659, 0.3121662196597833, -0.01827272959515084, 0.1401624525725846, 0.17571528178572035, 0.020762030320356863, 1.1744840018934248, -0.21103581940338123, -0.15232344806760048, 0.152572793741486, 0.2277135026512256], [-0.33105657642817604, -0.23045669529665025, 0.7047987431347494, -0.014598733786953321, -0.968772342946762, 0.3227945969271007, -0.18087070224417393, -0.38902782913866635, 0.07035916253896471, -0.21103581940338123, 2.610392881715272, 0.38026545267540357, -0.8122317701490506, 0.5784865003699422], [0.13931659068519178, -0.07845083784975283, 0.2882392205604909, -0.22895471789246247, -0.4313542819091538, 0.18529271312068774, -0.5581597479398435, 0.25489982530036714, -0.3216555109353031, -0.15232344806760048, 0.38026545267540357, 1.1759300339808452, -0.3526471695323677, -0.11379670808055667], [-0.07463622519786882, 0.3855706643839274, -0.4724985811616829, -0.2797136773087834, 1.2225246740088174, -0.6944863174503442, 0.9462405842228958, 0.8685471943173955, 1.1888275264665413, 0.152572793741486, -0.8122317701490506, -0.3526471695323677, 2.978210246748564, -0.7807043197910594], [0.11623298323220448, 0.10138059068080052, 0.10729873885476439, 0.214314608931614, -0.8368690110649328, 0.3332264830949496, -0.23177835623875495, -0.023558398510679507, -0.15735176273326984, 0.2277135026512256, 0.5784865003699422, -0.11379670808055667, -0.7807043197910594, 1.5403182103556374]], [[1.1142795995994086, 0.10872690878564088, 0.2279260246547617, 0.09091583313753213, 0.28337981959258834, -0.13813007627052512, 0.12158462137502832, 0.02775985793617552, -0.02643460147113113, 0.2132804769941315, -0.19485402736819563, 0.1440378338960511, 0.32059622026150836, -0.07388608857415689], [0.10872690878564088, 0.8374692769606766, -0.17670433553292147, -0.014342241616270925, 0.029540301688586585, -0.1934497275040992, 0.009465516319884673, -0.14085813114636886, 0.42016137183974067, -0.07928631142428588, 0.07538012830811033, -0.11645117550718688, -0.08817461672197462, 0.25360479662053076], [0.2279260246547617, -0.17670433553292147, 1.8392597979081957, -0.024117806380544792, -0.2385856296247367, -0.043124512722669234, -0.2105978010823848, 0.3631047506370059, -0.43227503173601256, -0.0344876066256856, -0.3901931162020756, 0.24160958050481254, -0.15581645057808827, -0.23777558304278587], [0.09091583313753213, -0.014342241616270925, -0.024117806380544792, 0.8834168545685483, -0.09795887629497654, -0.0679135241652524, 0.03619372995259441, -0.11304599040616783, 0.09643293517690718, -0.1610305129402794, -0.3180824946481158, -0.06231475013146968, 0.1220299836784673, 0.022054232082819626], [0.28337981959258834, 0.029540301688586585, -0.2385856296247367, -0.09795887629497654, 1.1637449938062003, -0.019923597034642113, 0.15103764594610544, 0.03825173314837634, -0.01964555239215159, 0.251132023776501, 0.006863578893932002, 0.18923719461982674, 0.318459228658683, 0.1429141050472226], [-0.13813007627052512, -0.1934497275040992, -0.043124512722669234, -0.0679135241652524, -0.019923597034642113, 1.638361469213061, -0.021890401925511338, 0.4031883060688073, -0.45108541979537575, -0.16892171646908782, 0.20599168626807768, 0.3252286268063826, -0.44773341798609634, -0.04226908840503108], [0.12158462137502832, 0.009465516319884673, -0.2105978010823848, 0.03619372995259441, 0.15103764594610544, -0.021890401925511338, 1.496102350881061, -0.18594994942167706, 0.46691087726314123, -0.0803649492492939, 0.09963528400023576, 0.21761583864111006, 0.09199122578435148, -0.22959991810005168], [0.02775985793617552, -0.14085813114636886, 0.3631047506370059, -0.11304599040616783, 0.03825173314837634, 0.4031883060688073, -0.18594994942167706, 1.2631933859470406, -0.4376861982738541, -0.18604538261593145, -0.1556664912246692, -0.15818727162362833, -0.0639250546796802, -0.12282716652216491], [-0.02643460147113113, 0.42016137183974067, -0.43227503173601256, 0.09643293517690718, -0.01964555239215159, -0.45108541979537575, 0.46691087726314123, -0.4376861982738541, 1.7824145524412334, 0.09207226141036562, 0.1233346162399215, -0.08962327608639688, 0.2232857564994241, 0.10839000708672071], [0.2132804769941315, -0.07928631142428588, -0.0344876066256856, -0.1610305129402794, 0.251132023776501, -0.16892171646908782, -0.0803649492492939, -0.18604538261593145, 0.09207226141036562, 0.766904529696849, 0.0571726796448846, 0.18187042506194104, 0.17678606833429042, 0.08368372179263667], [-0.19485402736819563, 0.07538012830811033, -0.3901931162020756, -0.3180824946481158, 0.006863578893932002, 0.20599168626807768, 0.09963528400023576, -0.1556664912246692, 0.1233346162399215, 0.0571726796448846, 1.4106154752709306, 0.13794309370524072, -0.06265122625572879, 0.016843417655737016], [0.1440378338960511, -0.11645117550718688, 0.24160958050481254, -0.06231475013146968, 0.18923719461982674, 0.3252286268063826, 0.21761583864111006, -0.15818727162362833, -0.08962327608639688, 0.18187042506194104, 0.13794309370524072, 1.1717515189515406, -0.023202783866538006, -0.14019323503826192], [0.32059622026150836, -0.08817461672197462, -0.15581645057808827, 0.1220299836784673, 0.318459228658683, -0.44773341798609634, 0.09199122578435148, -0.0639250546796802, 0.2232857564994241, 0.17678606833429042, -0.06265122625572879, -0.023202783866538006, 0.950900281886303, 0.0002448987077431198], [-0.07388608857415689, 0.25360479662053076, -0.23777558304278587, 0.022054232082819626, 0.1429141050472226, -0.04226908840503108, -0.22959991810005168, -0.12282716652216491, 0.10839000708672071, 0.08368372179263667, 0.016843417655737016, -0.14019323503826192, 0.0002448987077431198, 0.859223294459247]], [[1.5828026721079864, 0.4804173300592428, -0.0034239374302310146, 0.0830626138834902, 0.1518040705617008, -0.3473555426999408, 0.3198937024072363, 0.4479952573787221, -0.10712052845993013, -0.24478490915316148, -0.06133681734860533, -0.578007877275531, -0.2259046327687827, -0.21850260115387132], [0.4804173300592428, 1.4115166947969262, -0.08670592042560059, -0.17512655232462246, -0.16671655183503511, -0.030893150786136598, -0.15769766990292378, 0.3923280536144645, -0.6922180760474774, -0.3600024534713323, -0.010149114911664587, -0.5310463651905409, 0.20383822607984067, 0.3013294910261735], [-0.0034239374302310146, -0.08670592042560059, 1.8463754606419502, 0.11037921781506496, -0.015748092508134134, -0.0692641851113262, 0.48703070782347174, -0.21204239634467295, -0.27454008819028564, 0.6285768812951462, 0.2380637958711536, -0.5882499500819436, -0.12166001034165118, -0.11165079204477744], [0.0830626138834902, -0.17512655232462246, 0.11037921781506496, 1.680096413934832, -0.07674896503853976, -0.27154023619819156, 0.08128174234105386, -0.20257584825453084, 0.18848364057484607, 0.31573431731671864, 0.8717955319965286, -0.23020924921318048, -0.9013169637828795, -0.32989931320621824], [0.1518040705617008, -0.16671655183503511, -0.015748092508134134, -0.07674896503853976, 1.3999854865703785, -0.17214530992993257, 0.28762614665524366, -0.23533112098355927, -0.4325616072410914, -0.3820517007681609, -0.26719772333228564, -0.4508311063672869, -0.1187626269779979, -0.3450164698986394], [-0.3473555426999408, -0.030893150786136598, -0.0692641851113262, -0.27154023619819156, -0.17214530992993257, 1.4977620780690133, 0.07216788387156013, -0.42082626974391046, 0.27434644196207925, -0.0876295503195046, -0.9406999714612185, -0.03851902722239452, -0.43555007135774265, 0.29186167509820365], [0.3198937024072363, -0.15769766990292378, 0.48703070782347174, 0.08128174234105386, 0.28762614665524366, 0.07216788387156013, 0.9913944009099244, -0.32544493049496875, 0.19534271241725742, -0.05021692157768804, -0.22776427283333958, -0.5298626502853365, -0.22156596916084614, 0.2510636245200996], [0.4479952573787221, 0.3923280536144645, -0.21204239634467295, -0.20257584825453084, -0.23533112098355927, -0.42082626974391046, -0.32544493049496875, 1.307492187487191, -0.5123320228216426, 0.022343636364668375, 0.15253094794299185, 0.05213646868194076, 0.4998277125710778, -0.45344673606452535], [-0.10712052845993013, -0.6922180760474774, -0.27454008819028564, 0.18848364057484607, -0.4325616072410914, 0.27434644196207925, 0.19534271241725742, -0.5123320228216426, 1.6013814903771237, 0.13821380851404108, 0.0019727444384541556, 0.48824689792429093, -0.2678756525456117, 0.31854657831701205], [-0.24478490915316148, -0.3600024534713323, 0.6285768812951462, 0.31573431731671864, -0.3820517007681609, -0.0876295503195046, -0.05021692157768804, 0.022343636364668375, 0.13821380851404108, 1.1294553762736348, 0.3481237958241621, 0.2099609191028942, -0.03459360152240714, -0.5109125956308007], [-0.06133681734860533, -0.010149114911664587, 0.2380637958711536, 0.8717955319965286, -0.26719772333228564, -0.9406999714612185, -0.22776427283333958, 0.15253094794299185, 0.0019727444384541556, 0.3481237958241621, 1.6895595800615577, 0.15770359262839515, 0.08077955127300905, -0.30892540667144036], [-0.578007877275531, -0.5310463651905409, -0.5882499500819436, -0.23020924921318048, -0.4508311063672869, -0.03851902722239452, -0.5298626502853365, 0.05213646868194076, 0.48824689792429093, 0.2099609191028942, 0.15770359262839515, 1.6315607064167192, 0.424981105495914, -0.2763552029806671], [-0.2259046327687827, 0.20383822607984067, -0.12166001034165118, -0.9013169637828795, -0.1187626269779979, -0.43555007135774265, -0.22156596916084614, 0.4998277125710778, -0.2678756525456117, -0.03459360152240714, 0.08077955127300905, 0.424981105495914, 1.6005528495898176, -0.0010674136869196858], [-0.21850260115387132, 0.3013294910261735, -0.11165079204477744, -0.32989931320621824, -0.3450164698986394, 0.29186167509820365, 0.2510636245200996, -0.45344673606452535, 0.31854657831701205, -0.5109125956308007, -0.30892540667144036, -0.2763552029806671, -0.0010674136869196858, 1.957535497607831]], [[1.9825575185792847, 0.22723203699079403, 0.43985497070854335, -0.24257154475185452, 0.12382221416103849, -0.5090958618819642, 0.4037515411549688, -0.018207273000211927, 0.14866382326332844, 0.08421987848620316, 0.44245069173190665, -0.10040733153565211, -0.09634435068933207, -0.3003023491464753], [0.22723203699079403, 1.9162095594271074, -0.09228618388636406, -0.37375932626813974, -0.7401583447937005, 0.10493949763709579, 0.35356543555936043, 0.20315807651484444, 0.5851310593083211, -0.5433120259366025, 0.5629069684466737, -0.1097856852014131, 0.06805014085486967, -0.11479735526617345], [0.43985497070854335, -0.09228618388636406, 1.8684329230816574, 0.5273640710358848, 0.21079069109893891, 0.5726069383711953, 0.5669195603022829, -0.016791874084326943, -0.4087939101212532, 0.7086033402731879, 0.057464133273984294, -0.33409513328296314, -0.1790333420733795, -0.24508730755262312], [-0.24257154475185452, -0.37375932626813974, 0.5273640710358848, 2.1752719153641467, 0.43226793843996564, 0.5604126601192855, 0.17911694262555486, 0.25278794551227296, 0.2197791543784169, 0.45447233429802386, -0.07553978203317654, -0.4554450735570393, -0.43957011127627, -0.3274039668677035], [0.12382221416103849, -0.7401583447937005, 0.21079069109893891, 0.43226793843996564, 1.419819197064088, -0.4048922999780856, -0.10075331992348027, 0.09054891562201571, -0.1652908646150015, 0.18454831475128639, -0.33892366402510654, 0.1550899165303685, 0.20699271196023158, -0.4848158820842854], [-0.5090958618819642, 0.10493949763709579, 0.5726069383711953, 0.5604126601192855, -0.4048922999780856, 2.130001924644964, 0.009379980357911457, -0.39123541506497894, 0.09571125931664995, 0.4752135570000814, -0.1742050262160919, -0.059151965259121836, -1.0712775006992503, 0.29283031147844973], [0.4037515411549688, 0.35356543555936043, 0.5669195603022829, 0.17911694262555486, -0.10075331992348027, 0.009379980357911457, 0.9916504271004204, 0.04388769411382121, -0.12573501574469673, 0.06808106262993778, 0.11822811804205606, -0.44252993739360363, 0.07204949616100949, -0.20954851559963922], [-0.018207273000211927, 0.20315807651484444, -0.016791874084326943, 0.25278794551227296, 0.09054891562201571, -0.39123541506497894, 0.04388769411382121, 0.8381188334734463, 0.023954215015971062, -0.2846177219294895, 0.1764554574239138, -0.13130820683127517, 0.3939816603222347, -0.3116950060046943], [0.14866382326332844, 0.5851310593083211, -0.4087939101212532, 0.2197791543784169, -0.1652908646150015, 0.09571125931664995, -0.12573501574469673, 0.023954215015971062, 1.1580500874486246, -0.15207577338014255, 0.2598068992036111, 0.3457115756717235, -0.1827556862570876, -0.3079690062712707], [0.08421987848620316, -0.5433120259366025, 0.7086033402731879, 0.45447233429802386, 0.18454831475128639, 0.4752135570000814, 0.06808106262993778, -0.2846177219294895, -0.15207577338014255, 1.2995797432752367, -0.19856500900301208, -0.25941424625458165, -0.5587419549473615, -0.4448293341857038], [0.44245069173190665, 0.5629069684466737, 0.057464133273984294, -0.07553978203317654, -0.33892366402510654, -0.1742050262160919, 0.11822811804205606, 0.1764554574239138, 0.2598068992036111, -0.19856500900301208, 0.8880391603832907, -0.2848605192438645, -0.1279320198739543, -0.1823381894180265], [-0.10040733153565211, -0.1097856852014131, -0.33409513328296314, -0.4554450735570393, 0.1550899165303685, -0.059151965259121836, -0.44252993739360363, -0.13130820683127517, 0.3457115756717235, -0.25941424625458165, -0.2848605192438645, 1.3512575424362878, 0.29300117924210933, 0.21672244490264003], [-0.09634435068933207, 0.06805014085486967, -0.1790333420733795, -0.43957011127627, 0.20699271196023158, -1.0712775006992503, 0.07204949616100949, 0.3939816603222347, -0.1827556862570876, -0.5587419549473615, -0.1279320198739543, 0.29300117924210933, 1.3719252620821503, 0.0010566741610138542], [-0.3003023491464753, -0.11479735526617345, -0.24508730755262312, -0.3274039668677035, -0.4848158820842854, 0.29283031147844973, -0.20954851559963922, -0.3116950060046943, -0.3079690062712707, -0.4448293341857038, -0.1823381894180265, 0.21672244490264003, 0.0010566741610138542, 1.781693527875207]], [[1.442562769658241, 0.0693281715948787, -0.16625364697445344, 0.4039034232568536, -0.44941025863448436, -0.6984223227972395, -0.3863816726257516, 0.13476398429319186, -0.29983229563776004, 0.07649071804353594, -0.05784639074936051, 0.10218995737204264, -0.2910968846320829, -0.18871946704287682], [0.0693281715948787, 1.815965759408233, 0.16068177773167153, 0.4332180634083503, 0.06600980495441755, 0.5977734899330952, -0.25226421010556943, -0.43073598868737834, -0.13732447614577287, -0.24062134472590568, -0.13024856895000245, -0.5686598513643377, 0.4676573359592903, -0.12158858694880577], [-0.16625364697445344, 0.16068177773167153, 2.277249873009582, 0.41437339503385373, -0.46748089147953165, 0.26925276518748387, -0.450175421385448, -0.1277422792386361, 0.1733441466250351, 0.04271071500892054, -0.6036701173135696, -0.6722975122296245, -0.20584448758834456, -0.04069119763165687], [0.4039034232568536, 0.4332180634083503, 0.41437339503385373, 1.5145014704651023, -0.2988194555490413, -0.48445726543815454, -0.1664180633258217, -0.22908018181797193, -0.43170921928449074, -0.4184283137893895, 0.5233834975996053, -0.2605047473821549, 0.10288324272598878, -0.11577439563070205], [-0.44941025863448436, 0.06600980495441755, -0.46748089147953165, -0.2988194555490413, 1.1001990976768763, 0.37023714709353667, 0.06876816952302342, 0.0786902334316351, -0.23826534285657253, -0.28921476153555903, 0.18694213955015157, 0.2239020937260792, 0.38080079488209434, -0.1005353328919209], [-0.6984223227972395, 0.5977734899330952, 0.26925276518748387, -0.48445726543815454, 0.37023714709353667, 2.467600704007159, 0.22924251918348312, -0.5979310574211835, 0.6872908297446408, -0.1475377892397185, -0.1779352265896253, 0.1737911563459734, 0.019567206347969067, -0.014339974222553559], [-0.3863816726257516, -0.25226421010556943, -0.450175421385448, -0.1664180633258217, 0.06876816952302342, 0.22924251918348312, 1.0232790698834195, -0.0930948535995563, 0.18510061104982542, 0.043295534735116874, 0.13692295682044112, 0.11138896553312261, -0.041057095488189435, 0.41233052156637096], [0.13476398429319186, -0.43073598868737834, -0.1277422792386361, -0.22908018181797193, 0.0786902334316351, -0.5979310574211835, -0.0930948535995563, 1.3791034102243724, -0.1608363373354102, 0.38683101599718134, -0.23444782617564802, 0.530323411127543, 0.09487659274931533, 0.42505484486356593], [-0.29983229563776004, -0.13732447614577287, 0.1733441466250351, -0.43170921928449074, -0.23826534285657253, 0.6872908297446408, 0.18510061104982542, -0.1608363373354102, 1.175467967495831, 0.2486836808455654, -0.5026257052091575, 0.024869362408417906, -0.44756782923382743, 0.32838880014391536], [0.07649071804353594, -0.24062134472590568, 0.04271071500892054, -0.4184283137893895, -0.28921476153555903, -0.1475377892397185, 0.043295534735116874, 0.38683101599718134, 0.2486836808455654, 0.925684222649087, -0.4723953521247427, 0.3477159450154563, -0.3203833066897635, 0.4734076712705322], [-0.05784639074936051, -0.13024856895000245, -0.6036701173135696, 0.5233834975996053, 0.18694213955015157, -0.1779352265896253, 0.13692295682044112, -0.23444782617564802, -0.5026257052091575, -0.4723953521247427, 1.4833181873816685, 0.2609969505441996, 0.3617330546209147, -0.1687458722731358], [0.10218995737204264, -0.5686598513643377, -0.6722975122296245, -0.2605047473821549, 0.2239020937260792, 0.1737911563459734, 0.11138896553312261, 0.530323411127543, 0.024869362408417906, 0.3477159450154563, 0.2609969505441996, 1.7666767366562137, -0.23605745118649024, 0.22277078567314904], [-0.2910968846320829, 0.4676573359592903, -0.20584448758834456, 0.10288324272598878, 0.38080079488209434, 0.019567206347969067, -0.041057095488189435, 0.09487659274931533, -0.44756782923382743, -0.3203833066897635, 0.3617330546209147, -0.23605745118649024, 0.9343085243988372, -0.20981939319904538], [-0.18871946704287682, -0.12158858694880577, -0.04069119763165687, -0.11577439563070205, -0.1005353328919209, -0.014339974222553559, 0.41233052156637096, 0.42505484486356593, 0.32838880014391536, 0.4734076712705322, -0.1687458722731358, 0.22277078567314904, -0.20981939319904538, 1.5653048848058695]], [[1.0698005872580958, -0.008152836098311722, 0.11713336132715847, -0.02008785189173224, -0.22291489598332478, -0.17484156994410638, 0.22596271858868092, 0.20683460289006045, -0.38446234452828504, -0.3248285008647357, -0.515412318579286, -0.15047976359716522, -0.11710225561439913, -0.37079001286847674], [-0.008152836098311722, 1.2255765838959465, -0.46520443335766265, -0.5375764331948527, 0.04091092008633399, -0.3344949861994283, 0.14702021135779225, -0.016873716164248882, -0.2599634111690626, 0.1363610669405167, -0.05256405449981304, 0.6120610427167472, -0.3264017408539544, 0.053476693224821584], [0.11713336132715847, -0.46520443335766265, 1.6094238509137726, -0.18463128013215388, 0.03430651672219259, -0.18317063523005517, -0.8408442310152761, 0.07415914755065027, 0.09330255323166514, -0.48478875171147656, -0.05591170360686309, -0.19952436568577342, 0.0032852614238711186, 0.16243227286126843], [-0.02008785189173224, -0.5375764331948527, -0.18463128013215388, 1.9070859408324385, -0.44031499533317914, 0.361049307068393, 0.1459385857480237, -0.7835574186634762, -0.45773369438209016, 0.016071255504414645, -0.2021808269899871, -0.004832686032111559, -0.1751499402800794, 0.20490512209858378], [-0.22291489598332478, 0.04091092008633399, 0.03430651672219259, -0.44031499533317914, 1.9938381040324742, 0.8146678745165808, -0.2852345670796874, -0.0337689400500762, 0.8140018691922187, -0.1888722902369564, 0.3626302736243945, 0.23173477513638546, -0.3060888384658814, -0.28940412129640963], [-0.17484156994410638, -0.3344949861994283, -0.18317063523005517, 0.361049307068393, 0.8146678745165808, 1.471373439164501, -0.1315460088473013, -0.2902045544139058, -0.04390962926205315, -0.12204003108355696, -0.10516934757100786, -0.2088848595725889, -0.03138070755079863, -0.04440493812609555], [0.22596271858868092, 0.14702021135779225, -0.8408442310152761, 0.1459385857480237, -0.2852345670796874, -0.1315460088473013, 1.725819934700139, -0.25674813451791656, 0.006995614343934287, 0.10111603484275641, 0.0517378276743184, -0.2494103018465604, 0.04016392203707431, -0.7882671995550738], [0.20683460289006045, -0.016873716164248882, 0.07415914755065027, -0.7835574186634762, -0.0337689400500762, -0.2902045544139058, -0.25674813451791656, 1.5589385541254306, 0.12264502889090712, -0.17911070636501944, 0.007532929206011002, -0.02358774143674881, 0.210229372798827, -0.22492535654156065], [-0.38446234452828504, -0.2599634111690626, 0.09330255323166514, -0.45773369438209016, 0.8140018691922187, -0.04390962926205315, 0.006995614343934287, 0.12264502889090712, 1.9911810182307823, 0.5287233379696464, 0.7865691736452703, -0.12480028597405077, 0.39761486510104344, -0.05888297640181299], [-0.3248285008647357, 0.1363610669405167, -0.48478875171147656, 0.016071255504414645, -0.1888722902369564, -0.12204003108355696, 0.10111603484275641, -0.17911070636501944, 0.5287233379696464, 1.3759289979574678, 0.29230759053249733, 0.051655898612979645, 0.35419955752633653, 0.6588249120647749], [-0.515412318579286, -0.05256405449981304, -0.05591170360686309, -0.2021808269899871, 0.3626302736243945, -0.10516934757100786, 0.0517378276743184, 0.007532929206011002, 0.7865691736452703, 0.29230759053249733, 1.1329200246249795, 0.30119563511265657, -0.15669451180159424, 0.005100208520617305], [-0.15047976359716522, 0.6120610427167472, -0.19952436568577342, -0.004832686032111559, 0.23173477513638546, -0.2088848595725889, -0.2494103018465604, -0.02358774143674881, -0.12480028597405077, 0.051655898612979645, 0.30119563511265657, 1.288811588881734, -0.7820115434443701, 0.25541889058426587], [-0.11710225561439913, -0.3264017408539544, 0.0032852614238711186, -0.1751499402800794, -0.3060888384658814, -0.03138070755079863, 0.04016392203707431, 0.210229372798827, 0.39761486510104344, 0.35419955752633653, -0.15669451180159424, -0.7820115434443701, 1.41095294487399, 0.13892275939445828], [-0.37079001286847674, 0.053476693224821584, 0.16243227286126843, 0.20490512209858378, -0.28940412129640963, -0.04440493812609555, -0.7882671995550738, -0.22492535654156065, -0.05888297640181299, 0.6588249120647749, 0.005100208520617305, 0.25541889058426587, 0.13892275939445828, 1.4591309284107]], [[1.3260875650508965, -0.02712396566874384, 0.12596201791558675, 0.15350232251242807, -0.17298020907356892, -0.05876585867409593, 0.2660019024425866, -0.7128581945394157, 0.07990099035792157, -0.0598069209915566, 0.16531140966674646, -0.027762835082659643, 0.007615970060672424, 0.3595229592544367], [-0.02712396566874384, 0.8745697914879969, -0.5520998239513825, -0.4480064348811192, 0.07183428272459155, -0.01947437620601346, 0.23884403843525712, 0.02933617298954944, -0.20439562883730575, 0.679415792153494, -0.16558103507974223, -0.02463259399038722, 0.18838891531243335, 0.12819699656462624], [0.12596201791558675, -0.5520998239513825, 1.105922831234918, 0.165069515952112, -0.20937900295143494, 0.1280514553916637, -0.35685910374912083, -0.12160437686295772, 0.6393378403150359, -0.5698994579387991, 0.07759008554707196, 0.12306379533624925, 0.11848826886170614, -0.10355441608560255], [0.15350232251242807, -0.4480064348811192, 0.165069515952112, 1.225977467751046, -0.056039888792749355, -0.17242435032682754, 0.049043937845351805, 0.01937011364514905, 0.1287620947040955, -0.39612881553258944, 0.591888159636548, -0.26333589939022595, -0.8245996838505375, -0.3447865230438235], [-0.17298020907356892, 0.07183428272459155, -0.20937900295143494, -0.056039888792749355, 2.2289206749148525, -0.22765204178746398, -0.15066924662739048, -0.03291586600183314, -0.3683115576137832, 0.46018788750740486, -0.4042684927401653, 0.3098423419969493, 0.21079423640045064, 0.44457416721584686], [-0.05876585867409593, -0.01947437620601346, 0.1280514553916637, -0.17242435032682754, -0.22765204178746398, 1.1414964952433695, -0.4175801181763422, -0.05040956738226416, 0.07585120194896383, 0.2660038615964731, -0.7797622063445059, 0.020271034978390327, -0.34679710720556667, 0.0273619326324374], [0.2660019024425866, 0.23884403843525712, -0.35685910374912083, 0.049043937845351805, -0.15066924662739048, -0.4175801181763422, 1.1981158889903005, 0.22652176166671972, -0.22492731275385697, -0.018789605330902678, 0.05072108861997262, 0.08349120526715124, 0.07100183241244401, -0.009877849851371691], [-0.7128581945394157, 0.02933617298954944, -0.12160437686295772, 0.01937011364514905, -0.03291586600183314, -0.05040956738226416, 0.22652176166671972, 1.3484129173928718, -0.16004101434587814, -0.21755734840362614, -0.17103862937776373, 0.05497279663295933, -0.09301196234623518, -0.4954743088242017], [0.07990099035792157, -0.20439562883730575, 0.6393378403150359, 0.1287620947040955, -0.3683115576137832, 0.07585120194896383, -0.22492731275385697, -0.16004101434587814, 2.5289908595913597, 0.6124871825312916, 0.7998103508646326, 0.015777189141715945, -0.006904484598842067, -0.28976772793381267], [-0.0598069209915566, 0.679415792153494, -0.5698994579387991, -0.39612881553258944, 0.46018788750740486, 0.2660038615964731, -0.018789605330902678, -0.21755734840362614, 0.6124871825312916, 2.211827461295605, -0.26486858262812824, 0.13289173076210017, 0.043652541548101435, 0.5290616909182903], [0.16531140966674646, -0.16558103507974223, 0.07759008554707196, 0.591888159636548, -0.4042684927401653, -0.7797622063445059, 0.05072108861997262, -0.17103862937776373, 0.7998103508646326, -0.26486858262812824, 2.0117108889882624, -0.21805122856643888, 0.013800707761289182, -0.2939380149840086], [-0.027762835082659643, -0.02463259399038722, 0.12306379533624925, -0.26333589939022595, 0.3098423419969493, 0.020271034978390327, 0.08349120526715124, 0.05497279663295933, 0.015777189141715945, 0.13289173076210017, -0.21805122856643888, 0.656213811882632, 0.3908473586338608, 0.2603038815831323], [0.007615970060672424, 0.18838891531243335, 0.11848826886170614, -0.8245996838505375, 0.21079423640045064, -0.34679710720556667, 0.07100183241244401, -0.09301196234623518, -0.006904484598842067, 0.043652541548101435, 0.013800707761289182, 0.3908473586338608, 1.905473014500655, 0.6705887711833051], [0.3595229592544367, 0.12819699656462624, -0.10355441608560255, -0.3447865230438235, 0.44457416721584686, 0.0273619326324374, -0.009877849851371691, -0.4954743088242017, -0.28976772793381267, 0.5290616909182903, -0.2939380149840086, 0.2603038815831323, 0.6705887711833051, 1.5020984410386187]], [[1.3709463172800338, -0.10723732293727398, 0.5104210741043985, -0.20106342560373885, -0.05314192251315798, 0.5837542958734863, -0.03243724205645111, 1.0679470967853675, 0.605472630382883, -0.37672556545351743, 0.32582252468386536, -0.5395849825815844, 0.18956230815970326, 0.25356943080828626], [-0.10723732293727398, 1.0682871005940442, -0.12067440793100798, 0.34665603081031254, 0.41143095715261807, 0.023812013241680533, 0.088567325069154, 0.3354309595335988, 0.3005232052501247, 0.05947331645187715, -0.35178630432980634, 0.2892701028409003, -0.03342370667286721, -0.05670719345428759], [0.5104210741043985, -0.12067440793100798, 1.9444540972740256, -0.4507322250185737, 0.3565317319460626, 0.1326828116044483, 0.040956758173656446, -0.3327323606542655, 0.48855500098726645, -0.4835901210267635, 0.23591191895150784, -0.47441507305219005, 0.3620552752148277, -0.06369150903812866], [-0.20106342560373885, 0.34665603081031254, -0.4507322250185737, 1.4332255788688402, 0.06671052929483524, -0.2178696752840079, -0.2318578203617101, 0.39839629831776946, -0.7841794309051717, 0.2637612199351935, 0.6616443538962689, 0.6092529582014429, -0.18869321474678327, -0.2008350361962245], [-0.05314192251315798, 0.41143095715261807, 0.3565317319460626, 0.06671052929483524, 1.2349827638909818, -0.5800971167939126, 0.46218757470976646, -0.3804565678326859, 0.27088654882697494, -0.2376096985359935, 0.24339170424307877, 0.0029103303643016622, 0.24496882845502718, 0.041975324246863], [0.5837542958734863, 0.023812013241680533, 0.1326828116044483, -0.2178696752840079, -0.5800971167939126, 2.8157581620109986, -0.22106996322971945, 0.8796860825014443, 0.1960649516197299, 0.2097501842656798, -0.3222687515506287, 0.06816596879062292, -0.05724698470943188, 0.37649769910176795], [-0.03243724205645111, 0.088567325069154, 0.040956758173656446, -0.2318578203617101, 0.46218757470976646, -0.22106996322971945, 1.2054086489858549, -0.05746306333532599, 0.14180579014779718, -0.2376363724104674, -0.1417025926191278, 0.018051614587319697, 0.23682172064434728, 0.2505975861084809], [1.0679470967853675, 0.3354309595335988, -0.3327323606542655, 0.39839629831776946, -0.3804565678326859, 0.8796860825014443, -0.05746306333532599, 2.3973880481196406, 0.32825509949012716, -0.26078992151324465, 0.14762103065509502, -0.06826941098566988, -0.22057738002461041, 0.22586970460100642], [0.605472630382883, 0.3005232052501247, 0.48855500098726645, -0.7841794309051717, 0.27088654882697494, 0.1960649516197299, 0.14180579014779718, 0.32825509949012716, 2.1357241113247754, -0.21211971254235842, -0.6529340936536762, -0.9757573881098528, 0.04504212916745611, 0.19033925752187994], [-0.37672556545351743, 0.05947331645187715, -0.4835901210267635, 0.2637612199351935, -0.2376096985359935, 0.2097501842656798, -0.2376363724104674, -0.26078992151324465, -0.21211971254235842, 0.9438091423619308, 0.08849076027044873, -0.022643940676745185, -0.20467502800281337, 0.04219748005859445], [0.32582252468386536, -0.35178630432980634, 0.23591191895150784, 0.6616443538962689, 0.24339170424307877, -0.3222687515506287, -0.1417025926191278, 0.14762103065509502, -0.6529340936536762, 0.08849076027044873, 1.7486320067028043, -0.06098997994664376, 0.11869392220643946, 0.16010521036315964], [-0.5395849825815844, 0.2892701028409003, -0.47441507305219005, 0.6092529582014429, 0.0029103303643016622, 0.06816596879062292, 0.018051614587319697, -0.06826941098566988, -0.9757573881098528, -0.022643940676745185, -0.06098997994664376, 1.8445078486962387, 0.10471691918489101, -0.5302893182632921], [0.18956230815970326, -0.03342370667286721, 0.3620552752148277, -0.18869321474678327, 0.24496882845502718, -0.05724698470943188, 0.23682172064434728, -0.22057738002461041, 0.04504212916745611, -0.20467502800281337, 0.11869392220643946, 0.10471691918489101, 0.5904681744761753, 0.06817164469001802], [0.25356943080828626, -0.05670719345428759, -0.06369150903812866, -0.2008350361962245, 0.041975324246863, 0.37649769910176795, 0.2505975861084809, 0.22586970460100642, 0.19033925752187994, 0.04219748005859445, 0.16010521036315964, -0.5302893182632921, 0.06817164469001802, 1.2109815604194873]], [[1.693098802477342, 0.3807443875811518, 0.01776983668227884, 0.1662411566602985, -0.06654807380298088, -0.7551591855231494, 0.38953806131396346, -0.3379605633694372, 0.21245745403570607, 0.32190312478269184, -0.2630059298370825, -0.16358110332958892, -0.11618743118600722, 0.021933905943025123], [0.3807443875811518, 1.449886160076623, 0.29045723855764694, 0.06070331875673093, 0.10110667620088251, -0.6316142493012628, 0.8237099652247785, 0.02519441937480936, 0.34502533244895794, -0.24732975043997665, -0.11942700115144887, 0.625549232275733, -0.22117423877088854, 0.14541043039747378], [0.01776983668227884, 0.29045723855764694, 0.9959915562229145, -0.1367848712849987, 0.6645522090543377, 0.45572001655129024, 0.21679065359485786, 0.22787258881779413, 0.302679346719317, -0.7230098652038152, -0.29370563485634443, 0.21756620535095986, 0.26498293973486275, 0.07853570635718717], [0.1662411566602985, 0.06070331875673093, -0.1367848712849987, 1.6202126974910298, -0.6079937605143779, 0.04950629602714732, -0.429988560067146, -0.1671065139454803, -0.1826276465972451, -0.532787095855604, 0.3046030948775094, 0.22049220821443813, 0.07488238403555081, -0.11977377449057032], [-0.06654807380298088, 0.10110667620088251, 0.6645522090543377, -0.6079937605143779, 1.7158637229925768, 0.5256477538520213, -0.08605905962936179, 0.011072096051563006, 0.7651572989081321, 0.20277299396220186, -0.3107112431918984, -0.5406317890300734, 0.2697848914502877, -0.05164701365890094], [-0.7551591855231494, -0.6316142493012628, 0.45572001655129024, 0.04950629602714732, 0.5256477538520213, 2.2308466270043166, -0.3244126016489282, 0.29525817175297187, -0.06040958803835899, -0.25561444002454725, 0.0730659496846379, -0.1440761871599354, 0.7701677045050308, -0.025906737905541627], [0.38953806131396346, 0.8237099652247785, 0.21679065359485786, -0.429988560067146, -0.08605905962936179, -0.3244126016489282, 1.8089234409870845, 0.07643266720192303, 0.13900318606530848, 0.0292473794871951, -0.246408674841648, 0.33946007928919464, -0.10907609434695908, 0.2978102057992674], [-0.3379605633694372, 0.02519441937480936, 0.22787258881779413, -0.1671065139454803, 0.011072096051563006, 0.29525817175297187, 0.07643266720192303, 0.9342900478502774, 0.007941860502751487, -0.345203331699226, -0.2057777779996474, 0.08080773787778905, 0.3790514007506446, -0.12956759862144848], [0.21245745403570607, 0.34502533244895794, 0.302679346719317, -0.1826276465972451, 0.7651572989081321, -0.06040958803835899, 0.13900318606530848, 0.007941860502751487, 1.7139393247940082, -0.2529796438435659, -0.4982099437506709, -0.38057861265154186, 0.4637212306217537, -0.5698420533774383], [0.32190312478269184, -0.24732975043997665, -0.7230098652038152, -0.532787095855604, 0.20277299396220186, -0.25561444002454725, 0.0292473794871951, -0.345203331699226, -0.2529796438435659, 2.7665804353149666, -0.036910860799685224, -1.1420014745603329, -0.4969693123873432, -0.1804966272696628], [-0.2630059298370825, -0.11942700115144887, -0.29370563485634443, 0.3046030948775094, -0.3107112431918984, 0.0730659496846379, -0.246408674841648, -0.2057777779996474, -0.4982099437506709, -0.036910860799685224, 1.112128025126283, 0.4904557278980538, -0.23204245406624438, 0.351865040102398], [-0.16358110332958892, 0.625549232275733, 0.21756620535095986, 0.22049220821443813, -0.5406317890300734, -0.1440761871599354, 0.33946007928919464, 0.08080773787778905, -0.38057861265154186, -1.1420014745603329, 0.4904557278980538, 1.7324892337071842, -0.2803088134804204, 0.41925735986826723], [-0.11618743118600722, -0.22117423877088854, 0.26498293973486275, 0.07488238403555081, 0.2697848914502877, 0.7701677045050308, -0.10907609434695908, 0.3790514007506446, 0.4637212306217537, -0.4969693123873432, -0.23204245406624438, -0.2803088134804204, 1.0710254518421474, -0.15123288737785745], [0.021933905943025123, 0.14541043039747378, 0.07853570635718717, -0.11977377449057032, -0.05164701365890094, -0.025906737905541627, 0.2978102057992674, -0.12956759862144848, -0.5698420533774383, -0.1804966272696628, 0.351865040102398, 0.41925735986826723, -0.15123288737785745, 1.0088801311484328]], [[1.084179021081759, -0.007146819626039933, -0.20560736649081118, 0.04815252571457669, 0.020066368182021618, 0.05705032144809013, 0.25062996942495835, -0.8033343509839134, -0.08718828099327297, -0.03888135348343778, -0.043881885766391356, -0.41311805165031734, -0.5338642559301595, 0.18561476727178405], [-0.007146819626039933, 1.1306097838742926, 0.04796474668316143, -0.4553045153478718, -0.06295168739216636, -0.24581278874800952, -0.2958976368971637, -0.037630646065855804, 0.3580510362978136, -0.24196090643548404, 0.09399130155038263, 0.1359367597799225, 0.39661837034793845, -0.0346260469986991], [-0.20560736649081118, 0.04796474668316143, 1.465706661065923, -0.3361048594096369, 0.25597894561140394, -0.06970476490858189, -0.17921992035043002, -0.05022299787199525, -0.2345425739798124, -0.36066979851150954, -0.020026990298532936, 0.013598111855733256, 0.4400590520176685, -0.11510457870889121], [0.04815252571457669, -0.4553045153478718, -0.3361048594096369, 2.2781543856534068, -0.21471559007000868, 0.5587675922810301, 0.46138113040432904, 0.08539366177695133, -0.048566959178171124, 0.03883710553513653, 0.008670091483847384, 0.4409100573069598, -0.1874627739080762, -1.170510161260886], [0.020066368182021618, -0.06295168739216636, 0.25597894561140394, -0.21471559007000868, 1.2422633884852174, 0.019464561347349807, 0.33032862218747167, -0.44022866189624443, 0.08052248643278026, -0.1111707834159772, 0.07525460898584554, -0.019371837976605535, 0.12135494707354011, -0.11409137831236636], [0.05705032144809013, -0.24581278874800952, -0.06970476490858189, 0.5587675922810301, 0.019464561347349807, 0.7530347264137723, 0.4264203437474329, -0.25952455403694785, 0.08788757526588525, 0.12258410134079514, -0.1497677578819801, 0.058590956435896305, -0.10509252603536955, -0.23094876881928028], [0.25062996942495835, -0.2958976368971637, -0.17921992035043002, 0.46138113040432904, 0.33032862218747167, 0.4264203437474329, 1.3681295653350474, -0.2507927105819015, -0.20736686844742258, -0.0379852234479744, -0.6736445052940605, -0.282632751641143, -0.280341462222303, 0.0707247577818704], [-0.8033343509839134, -0.037630646065855804, -0.05022299787199525, 0.08539366177695133, -0.44022866189624443, -0.25952455403694785, -0.2507927105819015, 1.8423697067702323, -0.0795310276780106, 0.17815358900311185, 0.010886913543536077, 0.29157633982806, 0.30752228497782624, -0.25782092733846196], [-0.08718828099327297, 0.3580510362978136, -0.2345425739798124, -0.048566959178171124, 0.08052248643278026, 0.08788757526588525, -0.2073668684474225