[[[1.9135307626823472, -0.7439182233550475, -0.053960585890344935, 0.027908122872003557, -0.6423810527293143, -0.10272285415933319, -0.36369873821653714, -0.37654656774472395, 0.20171784407533017, -0.5476153122947129, 0.41869919195669314, -0.19085268430137187, -0.10192148555748848, -0.5542961013396183], [-0.7439182233550475, 2.52275152464275, -0.08563687544139871, -0.1841244207552322, -0.45478310498229096, -0.11665343612337496, -0.22042051927145795, 0.6403892192502857, 0.11500464652383026, 0.3751359357194668, -0.1595150000576608, 0.09382347526259133, -0.2278418368188169, 0.2711551003035257], [-0.053960585890344935, -0.08563687544139871, 1.1842993573324205, -0.6611669289895994, -0.32397396293239805, 0.3986955277523546, 0.06077358907412471, -0.3453694844422132, 0.10681938641273639, -0.031815976398692034, -0.02461701835484952, -0.1762188111851861, 0.48041288505611424, 0.7131101254509628], [0.027908122872003557, -0.1841244207552322, -0.6611669289895994, 1.7474988472026147, 0.575791249934203, -0.3686238665454491, 0.3994598257602036, 0.308731761133298, -0.05085357656931581, 0.11558266409165172, 0.1582080923131411, -0.24304577448353262, -0.39003746971302605, 0.19416841353459965], [-0.6423810527293143, -0.45478310498229096, -0.32397396293239805, 0.575791249934203, 1.612631207272778, -0.3010923336720984, 0.24355438122467063, -0.05178374228871727, -0.22727238709345196, -0.17845142229684585, -0.3175236506566806, -0.03792420068628358, -0.28465236621756196, -0.08854651041759846], [-0.10272285415933319, -0.11665343612337496, 0.3986955277523546, -0.3686238665454491, -0.3010923336720984, 1.357331978794152, -0.291456846282896, -0.3452555409394727, -0.29462389625882224, 0.3147957700588478, -0.2933719424027718, -0.3787692301988385, -0.5912775820107957, 0.3141223726743808], [-0.36369873821653714, -0.22042051927145795, 0.06077358907412471, 0.3994598257602036, 0.24355438122467063, -0.291456846282896, 1.3589883856746188, -0.10941231926829069, 0.1474317166603018, 0.8159305168780876, 0.4831840898175358, -0.0846378154311715, 0.4388213617227476, 0.5590010531075018], [-0.37654656774472395, 0.6403892192502857, -0.3453694844422132, 0.308731761133298, -0.05178374228871727, -0.3452555409394727, -0.10941231926829069, 1.3650568881999223, 0.43342606122871474, 0.051535942169774744, -0.2144523884706489, 0.7239613827626703, 0.2343237602640371, 0.26579689644119464], [0.20171784407533017, 0.11500464652383026, 0.10681938641273639, -0.05085357656931581, -0.22727238709345196, -0.29462389625882224, 0.1474317166603018, 0.43342606122871474, 0.7639772307048226, 0.061635356850827536, 0.14752438785964264, 0.4208254169691352, 0.45000211996809275, 0.23683260774336393], [-0.5476153122947129, 0.3751359357194668, -0.031815976398692034, 0.11558266409165172, -0.17845142229684585, 0.3147957700588478, 0.8159305168780876, 0.051535942169774744, 0.061635356850827536, 2.125120850823965, 0.6465073570927466, -0.0014898583850013391, -0.26166441968916604, 0.23803222693919102], [0.41869919195669314, -0.1595150000576608, -0.02461701835484952, 0.1582080923131411, -0.3175236506566806, -0.2933719424027718, 0.4831840898175358, -0.2144523884706489, 0.14752438785964264, 0.6465073570927466, 1.2880732560139063, -0.27798073379787075, 0.26382997002468206, -0.22033874149149643], [-0.19085268430137187, 0.09382347526259133, -0.1762188111851861, -0.24304577448353262, -0.03792420068628358, -0.3787692301988385, -0.0846378154311715, 0.7239613827626703, 0.4208254169691352, -0.0014898583850013391, -0.27798073379787075, 1.3680367592600902, 0.489919285823332, -0.11775283896589772], [-0.10192148555748848, -0.2278418368188169, 0.48041288505611424, -0.39003746971302605, -0.28465236621756196, -0.5912775820107957, 0.4388213617227476, 0.2343237602640371, 0.45000211996809275, -0.26166441968916604, 0.26382997002468206, 0.489919285823332, 1.872557118868791, 0.52420321703204], [-0.5542961013396183, 0.2711551003035257, 0.7131101254509628, 0.19416841353459965, -0.08854651041759846, 0.3141223726743808, 0.5590010531075018, 0.26579689644119464, 0.23683260774336393, 0.23803222693919102, -0.22033874149149643, -0.11775283896589772, 0.52420321703204, 1.9411470194377558]], [[1.7527850525314779, 0.4796860561699291, 0.31190161061509564, 0.07785959308069758, -0.3828008666682238, 0.1117509540576092, -0.6618452089922713, -0.35739537990670944, -0.12601156595412444, -0.2661291141681026, 0.030431265922057023, 0.003997734670809892, 0.3256554345569349, 0.7327880457595719], [0.4796860561699291, 1.079896245901519, -0.044711134220800294, -0.3011577350105182, -0.1770785769480055, -0.019232488526745674, -0.08411686570108959, -0.01523338161811016, -0.03500488240192717, -0.38252165294755247, -0.10370081556820429, -0.10473812755482419, 0.017719448314237357, 0.3695609977567939], [0.31190161061509564, -0.044711134220800294, 1.7795536379230148, 0.39547588473462897, -0.4726946668697514, -0.0775837768229688, -0.2608975360531799, -0.3080870009644346, -0.4447541153523704, 0.6568934476640764, 0.1780468647782654, 0.2190948423510053, 0.06220033288371131, 0.2632179695888889], [0.07785959308069758, -0.3011577350105182, 0.39547588473462897, 1.2875020109833872, 0.36166886215687083, 0.35820560484904146, -0.3240913095884041, 0.00955513413282543, -0.34941546869483286, 0.45615919593422194, -0.09827955255720086, 0.2939785652814373, 0.1561146234774102, 0.09671637561932524], [-0.3828008666682238, -0.1770785769480055, -0.4726946668697514, 0.36166886215687083, 1.1187701774021457, -0.18136063425127283, -0.04493165837354944, 0.03856499897339142, -0.010592635044147541, 0.09764172633682286, -0.053492108730608584, 0.11901455616202601, 0.011279812279464457, -0.24765419949295508], [0.1117509540576092, -0.019232488526745674, -0.0775837768229688, 0.35820560484904146, -0.18136063425127283, 1.9793560258779677, 0.415716387350618, 0.5631920792026697, 0.006818242401904728, -0.14667625310748217, 0.4016869402002433, -0.186033704330745, -0.49212078584643826, 0.0750078478238047], [-0.6618452089922713, -0.08411686570108959, -0.2608975360531799, -0.3240913095884041, -0.04493165837354944, 0.415716387350618, 1.4617853144679618, 0.5724840300676682, 0.3742016213006276, -0.04423270970636781, 0.21654721753964662, -0.24966882048670616, -0.28760312295604623, -0.398357837287893], [-0.35739537990670944, -0.01523338161811016, -0.3080870009644346, 0.00955513413282543, 0.03856499897339142, 0.5631920792026697, 0.5724840300676682, 1.2443695540058768, -0.19909147931081309, -0.11136807931111206, 0.029780436403866444, 0.1390322432129211, -0.31563765316437936, 0.2261803212042553], [-0.12601156595412444, -0.03500488240192717, -0.4447541153523704, -0.34941546869483286, -0.010592635044147541, 0.006818242401904728, 0.3742016213006276, -0.19909147931081309, 1.381577374303521, -0.18765461187474983, 0.3299442160874919, -0.16545346746117753, -0.08659532053356525, -0.1495627060586876], [-0.2661291141681026, -0.38252165294755247, 0.6568934476640764, 0.45615919593422194, 0.09764172633682286, -0.14667625310748217, -0.04423270970636781, -0.11136807931111206, -0.18765461187474983, 1.268024357969133, -0.39124205072981244, 0.6715737393674072, 0.1973143213807704, -0.08733368838866101], [0.030431265922057023, -0.10370081556820429, 0.1780468647782654, -0.09827955255720086, -0.053492108730608584, 0.4016869402002433, 0.21654721753964662, 0.029780436403866444, 0.3299442160874919, -0.39124205072981244, 1.5329863673788668, -0.6998215729320794, -0.5227380940964771, 0.26618709507900307], [0.003997734670809892, -0.10473812755482419, 0.2190948423510053, 0.2939785652814373, 0.11901455616202601, -0.186033704330745, -0.24966882048670616, 0.1390322432129211, -0.16545346746117753, 0.6715737393674072, -0.6998215729320794, 1.5555325503737616, 0.34228141860043687, 0.06459131032012787], [0.3256554345569349, 0.017719448314237357, 0.06220033288371131, 0.1561146234774102, 0.011279812279464457, -0.49212078584643826, -0.28760312295604623, -0.31563765316437936, -0.08659532053356525, 0.1973143213807704, -0.5227380940964771, 0.34228141860043687, 0.9181210495662557, -0.15256402231753352], [0.7327880457595719, 0.3695609977567939, 0.2632179695888889, 0.09671637561932524, -0.24765419949295508, 0.0750078478238047, -0.398357837287893, 0.2261803212042553, -0.1495627060586876, -0.08733368838866101, 0.26618709507900307, 0.06459131032012787, -0.15256402231753352, 1.3907470119290821]], [[0.9175760005731207, -0.05932174017867564, 0.18159761790015264, 0.24689037230083197, 0.248281572184259, 0.14590107386019313, 0.09210768409085317, 0.17835495216967537, -0.16767576379291071, -0.13414366035078307, 0.011681714549895894, -0.029674175958003042, 0.16674058989337587, -0.28597602956242957], [-0.05932174017867564, 1.8652925963789797, 0.07430397824125767, -0.21805528268587057, 0.04258727540398639, -0.1691763992131413, -0.3350143499826873, -0.22817460967002698, -0.4724286286535294, 0.03977118300126973, -0.05752947162742856, -0.5333382922970428, 0.2209085328147138, 0.2061180927758064], [0.18159761790015264, 0.07430397824125767, 1.0416769196508489, -0.009019595631641179, 0.21438666532693446, -0.05507901964385669, -0.006423209615195371, -0.036840435346745894, -0.17057904407718588, 0.3171154511279129, -0.2844919559241359, -0.1170459442580702, -0.4846026698320358, 0.026941682660965055], [0.24689037230083197, -0.21805528268587057, -0.009019595631641179, 1.0165862472767582, 0.45314540714429136, 0.014276913069903318, 0.00691523299277566, 0.04699040382587602, -0.08118262311234693, -0.38970847878512477, -0.17035347728690706, 0.4045333102843158, 0.12050031823913313, 0.29872256330157215], [0.248281572184259, 0.04258727540398639, 0.21438666532693446, 0.45314540714429136, 1.7216102184422677, -0.3106050238685593, -0.3014818460804737, -0.09895685107690146, -0.5178078148592439, -0.08697460362477712, 0.3281563310192293, -0.010770042466322648, -0.34476380210418894, 0.4869232649349524], [0.14590107386019313, -0.1691763992131413, -0.05507901964385669, 0.014276913069903318, -0.3106050238685593, 1.2135974364944146, 0.2653902075968937, 0.34999574406552975, 0.357358520783491, -0.5793180965169562, 0.19427528355724039, -0.1563288109836701, -0.12309716615095533, 0.12686236971932602], [0.09210768409085317, -0.3350143499826873, -0.006423209615195371, 0.00691523299277566, -0.3014818460804737, 0.2653902075968937, 0.7339019766084263, -0.1536078947614321, 0.2247508093071661, -0.04279958388282106, 0.1566908369061901, 0.19709635966394914, 0.21090256534108873, -0.42859290129974337], [0.17835495216967537, -0.22817460967002698, -0.036840435346745894, 0.04699040382587602, -0.09895685107690146, 0.34999574406552975, -0.1536078947614321, 1.5499442620023096, 0.08676918626303214, -0.39872546400178155, -0.2751831682513338, -0.20721470054272748, -0.25400749223685776, -0.0803984511740917], [-0.16767576379291071, -0.4724286286535294, -0.17057904407718588, -0.08118262311234693, -0.5178078148592439, 0.357358520783491, 0.2247508093071661, 0.08676918626303214, 0.9464393564973973, -0.1526785681202859, 0.13427019749969468, 0.12534999044485517, 0.04281713577566907, 0.16996533358996443], [-0.13414366035078307, 0.03977118300126973, 0.3171154511279129, -0.38970847878512477, -0.08697460362477712, -0.5793180965169562, -0.04279958388282106, -0.39872546400178155, -0.1526785681202859, 1.5509541299951721, -0.022100812640088213, -0.17669441603117245, -0.06138072499004701, -0.28254412342639557], [0.011681714549895894, -0.05752947162742856, -0.2844919559241359, -0.17035347728690706, 0.3281563310192293, 0.19427528355724039, 0.1566908369061901, -0.2751831682513338, 0.13427019749969468, -0.022100812640088213, 1.596581410872423, -0.3915916349754091, -0.00439430668025896, -0.06607316084230487], [-0.029674175958003042, -0.5333382922970428, -0.1170459442580702, 0.4045333102843158, -0.010770042466322648, -0.1563288109836701, 0.19709635966394914, -0.20721470054272748, 0.12534999044485517, -0.17669441603117245, -0.3915916349754091, 1.1557200498514424, 0.2766294931138016, 0.23325477565589595], [0.16674058989337587, 0.2209085328147138, -0.4846026698320358, 0.12050031823913313, -0.34476380210418894, -0.12309716615095533, 0.21090256534108873, -0.25400749223685776, 0.04281713577566907, -0.06138072499004701, -0.00439430668025896, 0.2766294931138016, 1.4889723846864413, -0.5382587340142643], [-0.28597602956242957, 0.2061180927758064, 0.026941682660965055, 0.29872256330157215, 0.4869232649349524, 0.12686236971932602, -0.42859290129974337, -0.0803984511740917, 0.16996533358996443, -0.28254412342639557, -0.06607316084230487, 0.23325477565589595, -0.5382587340142643, 2.341572309717921]], [[1.8694663010775467, -0.37435019373033984, -0.24808202746162678, -0.14569536177549663, -0.41774622154620017, 0.4116759272845873, -0.0744331791802613, -0.29051732492893967, -0.6559177522299293, 0.13401189818450976, -0.2424280068453832, -0.1793760959526097, 0.05519105752163693, -0.5366217225886395], [-0.37435019373033984, 1.2462513756111377, 0.10880155691793067, -0.14352284301264637, 0.4879260194111001, -0.1130867696624914, 0.12085591928108876, -0.4945267666265631, -0.1659122258008764, -0.42028873381137444, 0.09954589021172064, 0.14381501895368518, 0.05656087294280885, 0.11424344911154657], [-0.24808202746162678, 0.10880155691793067, 1.0281570078668258, 0.002246889629168503, 0.04789650243318485, 0.04827992142294454, 0.03619264751773241, 0.00024189524824504166, -0.24356666710974198, 0.25019087999037526, -0.21733801082668, -0.2261142206382429, -0.050285982821449846, 0.3007579049942114], [-0.14569536177549663, -0.14352284301264637, 0.002246889629168503, 1.53642796619369, -0.2078075082565909, -0.10955617365293138, 0.2665728290884187, -0.1430293898884122, 0.16368191729748507, -0.2274728451750731, 0.22502617935909994, -0.08339877303580027, -0.07769663174974417, 0.6094433490577917], [-0.41774622154620017, 0.4879260194111001, 0.04789650243318485, -0.2078075082565909, 0.9690717429464621, -0.07113237961227911, 0.045079607889624215, -0.12015562336481889, 0.03960759847995264, -0.30209516321402446, 0.01864535860233371, 0.2772070962712097, -0.12146766058513903, 0.14497492332372688], [0.4116759272845873, -0.1130867696624914, 0.04827992142294454, -0.10955617365293138, -0.07113237961227911, 0.886083706230215, -0.234184428202929, 0.15214556356076916, -0.113758709079284, 0.061486230956202634, -0.25560786331462915, -0.21662675189932534, -0.668771931079735, -0.14451141109884513], [-0.0744331791802613, 0.12085591928108876, 0.03619264751773241, 0.2665728290884187, 0.045079607889624215, -0.234184428202929, 0.6249342422264466, -0.23926252554987817, -0.02323231280042933, 0.028221764391297203, 0.2627504674702098, 0.10729304581502469, 0.18646455256060937, 0.29353747221830573], [-0.29051732492893967, -0.4945267666265631, 0.00024189524824504166, -0.1430293898884122, -0.12015562336481889, 0.15214556356076916, -0.23926252554987817, 1.1242168841213516, 0.3456739103804016, 0.35320505453507417, 0.016937206827772635, 0.19098065269383116, -0.5212171785199874, -0.18785390013282452], [-0.6559177522299293, -0.1659122258008764, -0.24356666710974198, 0.16368191729748507, 0.03960759847995264, -0.113758709079284, -0.02323231280042933, 0.3456739103804016, 1.4558516055436876, -0.11479581828746985, 0.22260743183447645, -0.3568844162153179, -0.057700957943510475, -0.04750368600536765], [0.13401189818450976, -0.42028873381137444, 0.25019087999037526, -0.2274728451750731, -0.30209516321402446, 0.061486230956202634, 0.028221764391297203, 0.35320505453507417, -0.11479581828746985, 1.3661448993274572, -0.07369583346380375, -0.08112789935235981, -0.1300439226533408, -0.16658278895047654], [-0.2424280068453832, 0.09954589021172064, -0.21733801082668, 0.22502617935909994, 0.01864535860233371, -0.25560786331462915, 0.2627504674702098, 0.016937206827772635, 0.22260743183447645, -0.07369583346380375, 0.9738732775867831, 0.30935884312541095, 0.12739276283836629, -0.20249629718934517], [-0.1793760959526097, 0.14381501895368518, -0.2261142206382429, -0.08339877303580027, 0.2772070962712097, -0.21662675189932534, 0.10729304581502469, 0.19098065269383116, -0.3568844162153179, -0.08112789935235981, 0.30935884312541095, 1.5913258419153804, 0.05254471421760087, -0.07919009528762581], [0.05519105752163693, 0.05656087294280885, -0.050285982821449846, -0.07769663174974417, -0.12146766058513903, -0.668771931079735, 0.18646455256060937, -0.5212171785199874, -0.057700957943510475, -0.1300439226533408, 0.12739276283836629, 0.05254471421760087, 2.0403590284820194, 0.4720860128560983], [-0.5366217225886395, 0.11424344911154657, 0.3007579049942114, 0.6094433490577917, 0.14497492332372688, -0.14451141109884513, 0.29353747221830573, -0.18785390013282452, -0.04750368600536765, -0.16658278895047654, -0.20249629718934517, -0.07919009528762581, 0.4720860128560983, 2.4562972150703763]], [[1.3793326718709946, 0.0027932622180408045, -0.05080703811109064, -0.3057816426837846, 0.4342098076754473, 0.842925171479888, 0.24066141004589475, -0.15611967228966667, 0.24507207088358626, 0.13354281518877892, 0.27790879400245994, 0.10148022676789803, -0.14064932418439785, -0.4049934440333417], [0.0027932622180408045, 1.7558828448249064, -0.34724924384111233, 0.0858556985225592, 0.5737717205273138, -0.31800737882367236, 0.4044805641227338, 0.5752086415223293, 0.5580899083603946, 0.3079925050560925, 0.45537854586209137, 0.11959634152143327, -0.42658526171179667, 0.05855686503271774], [-0.05080703811109064, -0.34724924384111233, 1.9512426809965437, -0.1676994267913456, 0.2620418658347617, 0.18593301428146677, -0.7551398663166862, -0.0698625819327985, -0.25142909194531177, -0.1335716594948371, -0.5942133815228969, 0.9085119429481706, -0.11898894203298654, 0.2387657235702879], [-0.3057816426837846, 0.0858556985225592, -0.1676994267913456, 1.3100396496464004, -0.17541189102935062, -0.23888047520709874, 0.3519056301778322, -0.1354521394097078, -0.003589628356932988, -0.11457129602377553, 0.0629812732112394, 0.28999155976951135, 0.16618557957704466, 0.9059026311881568], [0.4342098076754473, 0.5737717205273138, 0.2620418658347617, -0.17541189102935062, 1.4241820087787083, 0.47014322263163766, -0.20044561284460694, 0.4095281008987535, 0.23547240197544694, 0.6107024692083216, 0.29741072655355555, 0.3266594754025316, -0.420664604879795, -0.05052861363030723], [0.842925171479888, -0.31800737882367236, 0.18593301428146677, -0.23888047520709874, 0.47014322263163766, 2.4140435800481823, 0.16910773374253127, -0.38611272628718013, -0.2543854276132983, 0.09729080910025834, 0.3993263732938893, -0.23230263451704167, 0.21850388808752522, -0.14283937341727182], [0.24066141004589475, 0.4044805641227338, -0.7551398663166862, 0.3519056301778322, -0.20044561284460694, 0.16910773374253127, 1.51604332950186, -0.30138319036889905, 0.1284094020861389, 0.2162494812466667, 0.9281628708337025, -0.124204260866269, 0.08640898261748975, 0.38078757798462853], [-0.15611967228966667, 0.5752086415223293, -0.0698625819327985, -0.1354521394097078, 0.4095281008987535, -0.38611272628718013, -0.30138319036889905, 1.4750106785793922, 0.30370757839147067, 0.20019868509314426, 0.16995346553305765, -0.26066895833081183, -0.5138845022731114, -0.3764448541441224], [0.24507207088358626, 0.5580899083603946, -0.25142909194531177, -0.003589628356932988, 0.23547240197544694, -0.2543854276132983, 0.1284094020861389, 0.30370757839147067, 1.126735751984319, 0.21399544847360533, 0.17013435328278081, -0.4371310842841906, -0.007550819588563972, -0.37972740093996826], [0.13354281518877892, 0.3079925050560925, -0.1335716594948371, -0.11457129602377553, 0.6107024692083216, 0.09729080910025834, 0.2162494812466667, 0.20019868509314426, 0.21399544847360533, 1.0307356365332905, 0.3239554882815103, -0.06652299232366074, -0.2371141404862696, 0.28716218944701394], [0.27790879400245994, 0.45537854586209137, -0.5942133815228969, 0.0629812732112394, 0.29741072655355555, 0.3993263732938893, 0.9281628708337025, 0.16995346553305765, 0.17013435328278081, 0.3239554882815103, 1.6304074531621866, -0.16415685320763984, -0.012048221401484274, -0.141174871475925], [0.10148022676789803, 0.11959634152143327, 0.9085119429481706, 0.28999155976951135, 0.3266594754025316, -0.23230263451704167, -0.124204260866269, -0.26066895833081183, -0.4371310842841906, -0.06652299232366074, -0.16415685320763984, 1.8121164325386383, -0.36685305225615494, 0.6693756859790431], [-0.14064932418439785, -0.42658526171179667, -0.11898894203298654, 0.16618557957704466, -0.420664604879795, 0.21850388808752522, 0.08640898261748975, -0.5138845022731114, -0.007550819588563972, -0.2371141404862696, -0.012048221401484274, -0.36685305225615494, 0.8284087556545635, -0.027408394328508123], [-0.4049934440333417, 0.05855686503271774, 0.2387657235702879, 0.9059026311881568, -0.05052861363030723, -0.14283937341727182, 0.38078757798462853, -0.3764448541441224, -0.37972740093996826, 0.28716218944701394, -0.141174871475925, 0.6693756859790431, -0.027408394328508123, 1.8538338260382872]], [[0.9785131114898771, 0.05076541056167194, 0.5007090431069976, -0.13453789245880177, -0.17532157727818215, -0.09482591173043466, 0.025348356196488335, -0.3398589314996809, -0.2847615289412759, 0.3696633121904191, 0.18517240293928644, -0.5264750643463273, 0.07411927522919681, -0.4070981198431685], [0.05076541056167194, 1.1602810759811908, 0.4922956701725613, 0.17189646932097152, -0.2801656573678702, 0.05868409139967343, 0.029747458407335333, -0.046928734669068675, -0.13106819692313354, 0.09248041436765704, 0.23060252282759913, 0.05374236020618404, -0.515815697322593, 0.1459649500034187], [0.5007090431069976, 0.4922956701725613, 1.6388422188081246, 0.24473907209283208, -0.050861052135696194, -0.22834961478490526, 0.07821410113524138, 0.18342269138642336, -0.06915091080151832, 0.1636977990367118, 0.46444810518596885, -0.6608283190621839, -0.21758035247483762, -0.5186624578289168], [-0.13453789245880177, 0.17189646932097152, 0.24473907209283208, 1.5822448369256077, 0.30813207374845036, -0.3952403550692355, -0.599489044836397, 0.09361601579619425, 0.20384842463839753, 0.5089058646180205, -0.2979751452776437, -0.18440670425377836, 0.04567353777007759, 0.31207209600905395], [-0.17532157727818215, -0.2801656573678702, -0.050861052135696194, 0.30813207374845036, 1.0936130101892905, -0.18748834445768325, -0.23194363630971185, -0.26839722330041116, 0.16221873192014585, -0.19927907813827583, 0.008496855406505932, -0.42212333070397734, 0.46663619352375474, 0.31360597621018876], [-0.09482591173043466, 0.05868409139967343, -0.22834961478490526, -0.3952403550692355, -0.18748834445768325, 1.2966268406259271, 0.10087309783080951, 0.1705020279750737, -0.42799796211150465, -0.1488293500302539, -0.22580393179197306, 0.5314342961158564, -0.20767326693389987, -0.6243701722538979], [0.025348356196488335, 0.029747458407335333, 0.07821410113524138, -0.599489044836397, -0.23194363630971185, 0.10087309783080951, 1.1113130485552203, -0.19715468255231142, 0.28985328988100406, -0.4991008935237811, -0.026967594923153735, 0.210616718862255, -0.5976168029549459, -0.6812996406652432], [-0.3398589314996809, -0.046928734669068675, 0.18342269138642336, 0.09361601579619425, -0.26839722330041116, 0.1705020279750737, -0.19715468255231142, 1.8108878468071838, 0.12214969158485861, -0.4469245302802493, 0.19539616071542595, 0.44436885929869985, 0.05359927922386286, 0.12188076771923338], [-0.2847615289412759, -0.13106819692313354, -0.06915091080151832, 0.20384842463839753, 0.16221873192014585, -0.42799796211150465, 0.28985328988100406, 0.12214969158485861, 1.5078571749046517, -0.557123470488261, -0.21694715533052153, 0.32715901961832083, -0.20968859372851367, 0.09199564053363639], [0.3696633121904191, 0.09248041436765704, 0.1636977990367118, 0.5089058646180205, -0.19927907813827583, -0.1488293500302539, -0.4991008935237811, -0.4469245302802493, -0.557123470488261, 1.4235753974766263, -0.18256877406153715, -0.29571597201615246, 0.24080844183114458, -0.036229650562971144], [0.18517240293928644, 0.23060252282759913, 0.46444810518596885, -0.2979751452776437, 0.008496855406505932, -0.22580393179197306, -0.026967594923153735, 0.19539616071542595, -0.21694715533052153, -0.18256877406153715, 1.3037890636173621, -0.4372893137729465, 0.2815468147901009, 0.5662038383254738], [-0.5264750643463273, 0.05374236020618404, -0.6608283190621839, -0.18440670425377836, -0.42212333070397734, 0.5314342961158564, 0.210616718862255, 0.44436885929869985, 0.32715901961832083, -0.29571597201615246, -0.4372893137729465, 1.8625703944712166, -0.2439670688328171, 0.09068366820460091], [0.07411927522919681, -0.515815697322593, -0.21758035247483762, 0.04567353777007759, 0.46663619352375474, -0.20767326693389987, -0.5976168029549459, 0.05359927922386286, -0.20968859372851367, 0.24080844183114458, 0.2815468147901009, -0.2439670688328171, 1.5508927263437473, 0.4630416578014189], [-0.4070981198431685, 0.1459649500034187, -0.5186624578289168, 0.31207209600905395, 0.31360597621018876, -0.6243701722538979, -0.6812996406652432, 0.12188076771923338, 0.09199564053363639, -0.036229650562971144, 0.5662038383254738, 0.09068366820460091, 0.4630416578014189, 2.3280014240454925]], [[1.771748739512738, 0.04004066680739037, 0.14371900609952346, -0.14403786165835342, -0.05346590049375017, 0.0015601557865458939, 0.0794313153462911, -0.09807986081873885, -0.7129136379983699, 0.16805551679759834, 0.3740597623352468, 0.3846481055490737, 0.1842739689825831, -0.3279933426908072], [0.04004066680739037, 1.0154668055704452, 0.48017046509903955, 0.08901269305742, 0.12971631005713458, -0.14099881359275804, 0.09210822500518434, -0.3424325048623276, -0.3254949026948568, -0.1373295118648437, -0.17157047382877688, 0.3345242815119491, 0.25124077725967847, 0.15209565468263242], [0.14371900609952346, 0.48017046509903955, 2.470022175236619, -0.018222010968617964, 0.28497510809512067, 0.027754731418070302, -0.08916009950014846, 0.14392914612368501, -0.44491491788943865, 0.10580535998591864, 0.09825148217358425, -0.15829601110755645, -0.09213483918318252, -0.6385812322248202], [-0.14403786165835342, 0.08901269305742, -0.018222010968617964, 1.2143908250326798, 0.5061716333201057, -0.05181961501927433, 0.14199625976061273, 0.31872306169354636, -0.02836427717986526, -0.09259415240143364, -0.03794010451125401, 0.3212520585998866, -0.08693527466359062, 0.025548403483993183], [-0.05346590049375017, 0.12971631005713458, 0.28497510809512067, 0.5061716333201057, 2.2721472285203523, -0.3746423412469106, -0.06183996560678871, 0.6175252251579442, 0.5037238927743397, -0.2485268298043181, 0.5897289246580476, 0.05392444797268355, -0.33785395337662427, -0.18854729071074464], [0.0015601557865458939, -0.14099881359275804, 0.027754731418070302, -0.05181961501927433, -0.3746423412469106, 1.1291977766660473, 0.11838164463133433, 0.07840942258248969, 0.48145902261314005, -0.1420709377552937, -0.0632844488015006, -0.08930830352342269, 0.9270562108995856, -0.532819346881265], [0.0794313153462911, 0.09210822500518434, -0.08916009950014846, 0.14199625976061273, -0.06183996560678871, 0.11838164463133433, 1.0973889015940756, -0.21755891114715795, 0.1974888316830928, -0.3037901104667277, -0.045259593613365665, -0.04591223999535333, -0.3731379617218374, 0.19624587663870752], [-0.09807986081873885, -0.3424325048623276, 0.14392914612368501, 0.31872306169354636, 0.6175252251579442, 0.07840942258248969, -0.21755891114715795, 1.00211757715256, 0.23909453968709518, -0.016414725363142788, 0.28459929993361505, -0.07812422105316114, -0.02108991980594153, -0.31946260582112707], [-0.7129136379983699, -0.3254949026948568, -0.44491491788943865, -0.02836427717986526, 0.5037238927743397, 0.48145902261314005, 0.1974888316830928, 0.23909453968709518, 2.0352416632377723, -0.4907537826334022, -0.004576295062410856, -0.30185359616531965, 0.320238327614193, -0.2213387003597475], [0.16805551679759834, -0.1373295118648437, 0.10580535998591864, -0.09259415240143364, -0.2485268298043181, -0.1420709377552937, -0.3037901104667277, -0.016414725363142788, -0.4907537826334022, 0.6453789581369701, 0.04205297296975244, -0.0595195124950702, -0.10549588240070323, 0.01827532645082343], [0.3740597623352468, -0.17157047382877688, 0.09825148217358425, -0.03794010451125401, 0.5897289246580476, -0.0632844488015006, -0.045259593613365665, 0.28459929993361505, -0.004576295062410856, 0.04205297296975244, 1.2433291718888233, -0.23421102721958412, -0.12381369333980154, -0.3194377818946263], [0.3846481055490737, 0.3345242815119491, -0.15829601110755645, 0.3212520585998866, 0.05392444797268355, -0.08930830352342269, -0.04591223999535333, -0.07812422105316114, -0.30185359616531965, -0.0595195124950702, -0.23421102721958412, 0.8729769179224229, 0.3473404546116124, 0.10260155802160531], [0.1842739689825831, 0.25124077725967847, -0.09213483918318252, -0.08693527466359062, -0.33785395337662427, 0.9270562108995856, -0.3731379617218374, -0.02108991980594153, 0.320238327614193, -0.10549588240070323, -0.12381369333980154, 0.3473404546116124, 2.1972980831547093, -0.5654061854315084], [-0.3279933426908072, 0.15209565468263242, -0.6385812322248202, 0.025548403483993183, -0.18854729071074464, -0.532819346881265, 0.19624587663870752, -0.31946260582112707, -0.2213387003597475, 0.01827532645082343, -0.3194377818946263, 0.10260155802160531, -0.5654061854315084, 1.554824416780495]], [[1.4715921313895122, -0.0006749277450296824, 0.3616432404974441, -0.1139723886859275, -0.0613067099146864, 0.5168839359467136, -0.1049344768373245, 0.09118493341328024, 0.06336859663713887, -0.1358863940485774, -0.37597564464171335, -0.164082020550458, 0.09748016261800149, -0.19999457152699485], [-0.0006749277450296824, 1.0923132589171451, -0.5739238597198323, -0.695726869900892, -0.251141462958917, -0.10435784281283098, 0.07774532956721203, 0.17009850346571082, -0.2202385300599192, 0.19983862192438603, 0.3625703655252142, -0.20336970286565612, 0.17750769194423818, -0.36763522647969576], [0.3616432404974441, -0.5739238597198323, 1.5890141538756037, 0.4663232451701883, -0.11805233194288814, -0.0268528479949426, -0.056740393093766224, -0.23514718218188285, 0.3574655095963229, -0.07668721496707127, -0.40698723002607556, 0.1929594743613565, 0.09061195902541848, 0.7044352851265749], [-0.1139723886859275, -0.695726869900892, 0.4663232451701883, 1.587064907166826, 0.19853934343391386, 0.2646660975492751, 0.07413922949523487, -0.5133545946827247, 0.34209899127062676, -0.04872704500592324, -0.6554352253087662, 0.28726319400365097, -0.06757022218829736, -0.14283069677309462], [-0.0613067099146864, -0.251141462958917, -0.11805233194288814, 0.19853934343391386, 1.4632734190424905, 0.4594148820401368, -0.06510023759042141, -0.25111336862752726, -0.09599285753992458, 0.03273656790325785, 0.1144673340621852, -0.5004135741037612, 0.12958255278650174, -0.10119330407387332], [0.5168839359467136, -0.10435784281283098, -0.0268528479949426, 0.2646660975492751, 0.4594148820401368, 1.4271482594706417, 0.3395245426829146, 0.02287031529079608, 0.16855877325088445, 0.25371671831160064, -0.2541806249724189, 0.094229924350427, -0.3919310818958584, 0.051583705885069005], [-0.1049344768373245, 0.07774532956721203, -0.056740393093766224, 0.07413922949523487, -0.06510023759042141, 0.3395245426829146, 1.0779070206135144, -0.37934132620866207, -0.24726122012524246, 0.635434181246589, -0.44683913170660133, 0.00045508697788049186, 0.14859350861982124, -0.03774103104710711], [0.09118493341328024, 0.17009850346571082, -0.23514718218188285, -0.5133545946827247, -0.25111336862752726, 0.02287031529079608, -0.37934132620866207, 1.374022407284132, -0.015573164896112178, -0.4855089394083065, 0.5251116851285816, 0.22851488002601578, -0.7238122214133411, 0.33440762596065177], [0.06336859663713887, -0.2202385300599192, 0.3574655095963229, 0.34209899127062676, -0.09599285753992458, 0.16855877325088445, -0.24726122012524246, -0.015573164896112178, 1.7844513711599461, 0.27095372614157254, 0.45236942853299145, 0.4286419824469411, -0.17993482746020237, 0.064478120052992], [-0.1358863940485774, 0.19983862192438603, -0.07668721496707127, -0.04872704500592324, 0.03273656790325785, 0.25371671831160064, 0.635434181246589, -0.4855089394083065, 0.27095372614157254, 1.3141804433709423, -0.3005048088806375, 0.0668215759927134, 0.24055440412101395, -0.058982505211212094], [-0.37597564464171335, 0.3625703655252142, -0.40698723002607556, -0.6554352253087662, 0.1144673340621852, -0.2541806249724189, -0.44683913170660133, 0.5251116851285816, 0.45236942853299145, -0.3005048088806375, 1.5674353929647051, -0.0945235698245495, -0.2906869120827299, 0.042300513069050756], [-0.164082020550458, -0.20336970286565612, 0.1929594743613565, 0.28726319400365097, -0.5004135741037612, 0.094229924350427, 0.00045508697788049186, 0.22851488002601578, 0.4286419824469411, 0.0668215759927134, -0.0945235698245495, 1.2469738754087663, -0.6283881529126153, 0.38641853300308], [0.09748016261800149, 0.17750769194423818, 0.09061195902541848, -0.06757022218829736, 0.12958255278650174, -0.3919310818958584, 0.14859350861982124, -0.7238122214133411, -0.17993482746020237, 0.24055440412101395, -0.2906869120827299, -0.6283881529126153, 1.524362820093599, -0.5957060183036342], [-0.19999457152699485, -0.36763522647969576, 0.7044352851265749, -0.14283069677309462, -0.10119330407387332, 0.051583705885069005, -0.03774103104710711, 0.33440762596065177, 0.064478120052992, -0.058982505211212094, 0.042300513069050756, 0.38641853300308, -0.5957060183036342, 1.798173677909316]], [[1.44813555449255, 0.12639648347889224, -0.28008004229637945, 0.4788120220589224, 0.3210087367078337, 0.2972457798374593, 0.3774351477865232, -0.2800047183212623, 0.5185110460625046, 0.41435303311074784, -0.2641815538811901, 0.5088970200683515, 0.18735207847351498, -0.17395948017817353], [0.12639648347889224, 0.8928943362934473, -0.01711360300014636, 0.3024655338355191, 0.1714240417394036, 0.02381738878423381, -0.07262666681748839, 0.349178116128151, 0.19540957490998379, 0.11729455142839701, -0.026407370676878233, -0.16513469410050124, 0.2817249782671229, -0.18724166292009908], [-0.28008004229637945, -0.01711360300014636, 1.2346553016422754, -0.004220169881604927, -0.1367407414544533, -0.4583185557421568, -0.1062858218453771, 0.23079106470882735, 0.10960542084171888, -0.7659093623431165, -0.5726702779793272, 0.010703655784340306, 0.2211076150616074, 0.232462362592477], [0.4788120220589224, 0.3024655338355191, -0.004220169881604927, 1.1018203315241641, 0.23882651625507081, 0.009418912707597578, 0.15977605826469518, -0.1852321203362287, 0.10233756108302558, -0.33796710744209496, 0.04716276042777926, 0.07408280352460249, 0.21838164010614566, -0.33167825792512035], [0.3210087367078337, 0.1714240417394036, -0.1367407414544533, 0.23882651625507081, 1.234629246040593, 0.06687539426605296, -0.06320080889809847, 0.3325427536763002, -0.12705410508339884, 0.28683840912190534, -0.007197573946467266, 0.1141756258243626, 0.3783037140966121, 0.0006549872643919919], [0.2972457798374593, 0.02381738878423381, -0.4583185557421568, 0.009418912707597578, 0.06687539426605296, 2.5247181686293887, 0.10506538558290447, 0.09516913647169502, 0.6395345833373958, 0.772063665779469, 0.1918027107544168, 0.7117730112097275, -0.4146770448836844, 0.06893166002252311], [0.3774351477865232, -0.07262666681748839, -0.1062858218453771, 0.15977605826469518, -0.06320080889809847, 0.10506538558290447, 1.111508200857194, -0.12676160424403177, -0.022141804525796647, 0.2659819932396299, -0.2879275704061053, 0.21334804121721487, 0.04257225079997729, -0.31221763630783034], [-0.2800047183212623, 0.349178116128151, 0.23079106470882735, -0.1852321203362287, 0.3325427536763002, 0.09516913647169502, -0.12676160424403177, 1.3864944752387705, -0.01388134590960306, 0.22392376350413476, -0.43572843176057907, -0.2611099930501129, 0.10267326203891532, -0.18095462147862432], [0.5185110460625046, 0.19540957490998379, 0.10960542084171888, 0.10233756108302558, -0.12705410508339884, 0.6395345833373958, -0.022141804525796647, -0.01388134590960306, 1.7611926796513993, 0.15523260949271733, -0.5210522076122245, 0.21580422899706367, -0.02867375213790311, 0.1675355792460248], [0.41435303311074784, 0.11729455142839701, -0.7659093623431165, -0.33796710744209496, 0.28683840912190534, 0.772063665779469, 0.2659819932396299, 0.22392376350413476, 0.15523260949271733, 1.8198627216783214, 0.06040420739844717, 0.2934159030660884, 0.042265605239074376, -0.02327767802916222], [-0.2641815538811901, -0.026407370676878233, -0.5726702779793272, 0.04716276042777926, -0.007197573946467266, 0.1918027107544168, -0.2879275704061053, -0.43572843176057907, -0.5210522076122245, 0.06040420739844717, 1.6667379485053686, -0.2733059848156708, -0.1550313029703969, -0.15254337367356036], [0.5088970200683515, -0.16513469410050124, 0.010703655784340306, 0.07408280352460249, 0.1141756258243626, 0.7117730112097275, 0.21334804121721487, -0.2611099930501129, 0.21580422899706367, 0.2934159030660884, -0.2733059848156708, 1.3295710369903042, -0.05187855736033444, 0.16848613368885046], [0.18735207847351498, 0.2817249782671229, 0.2211076150616074, 0.21838164010614566, 0.3783037140966121, -0.4146770448836844, 0.04257225079997729, 0.10267326203891532, -0.02867375213790311, 0.042265605239074376, -0.1550313029703969, -0.05187855736033444, 0.7353066945636116, -0.06873191443699163], [-0.17395948017817353, -0.18724166292009908, 0.232462362592477, -0.33167825792512035, 0.0006549872643919919, 0.06893166002252311, -0.31221763630783034, -0.18095462147862432, 0.1675355792460248, -0.02327767802916222, -0.15254337367356036, 0.16848613368885046, -0.06873191443699163, 1.2634330704421517]], [[1.44813555449255, 0.12639648347889224, -0.28008004229637945, 0.4788120220589224, 0.3210087367078337, 0.2972457798374593, 0.3774351477865232, -0.2800047183212623, 0.5185110460625046, 0.41435303311074784, -0.2641815538811901, 0.5088970200683515, 0.18735207847351498, -0.17395948017817353], [0.12639648347889224, 0.8928943362934473, -0.01711360300014636, 0.3024655338355191, 0.1714240417394036, 0.02381738878423381, -0.07262666681748839, 0.349178116128151, 0.19540957490998379, 0.11729455142839701, -0.026407370676878233, -0.16513469410050124, 0.2817249782671229, -0.18724166292009908], [-0.28008004229637945, -0.01711360300014636, 1.2346553016422754, -0.004220169881604927, -0.1367407414544533, -0.4583185557421568, -0.1062858218453771, 0.23079106470882735, 0.10960542084171888, -0.7659093623431165, -0.5726702779793272, 0.010703655784340306, 0.2211076150616074, 0.232462362592477], [0.4788120220589224, 0.3024655338355191, -0.004220169881604927, 1.1018203315241641, 0.23882651625507081, 0.009418912707597578, 0.15977605826469518, -0.1852321203362287, 0.10233756108302558, -0.33796710744209496, 0.04716276042777926, 0.07408280352460249, 0.21838164010614566, -0.33167825792512035], [0.3210087367078337, 0.1714240417394036, -0.1367407414544533, 0.23882651625507081, 1.234629246040593, 0.06687539426605296, -0.06320080889809847, 0.3325427536763002, -0.12705410508339884, 0.28683840912190534, -0.007197573946467266, 0.1141756258243626, 0.3783037140966121, 0.0006549872643919919], [0.2972457798374593, 0.02381738878423381, -0.4583185557421568, 0.009418912707597578, 0.06687539426605296, 2.5247181686293887, 0.10506538558290447, 0.09516913647169502, 0.6395345833373958, 0.772063665779469, 0.1918027107544168, 0.7117730112097275, -0.4146770448836844, 0.06893166002252311], [0.3774351477865232, -0.07262666681748839, -0.1062858218453771, 0.15977605826469518, -0.06320080889809847, 0.10506538558290447, 1.111508200857194, -0.12676160424403177, -0.022141804525796647, 0.2659819932396299, -0.2879275704061053, 0.21334804121721487, 0.04257225079997729, -0.31221763630783034], [-0.2800047183212623, 0.349178116128151, 0.23079106470882735, -0.1852321203362287, 0.3325427536763002, 0.09516913647169502, -0.12676160424403177, 1.3864944752387705, -0.01388134590960306, 0.22392376350413476, -0.43572843176057907, -0.2611099930501129, 0.10267326203891532, -0.18095462147862432], [0.5185110460625046, 0.19540957490998379, 0.10960542084171888, 0.10233756108302558, -0.12705410508339884, 0.6395345833373958, -0.022141804525796647, -0.01388134590960306, 1.7611926796513993, 0.15523260949271733,